From Martian Equivalent source model  Sept 2008
All night times. No selection. Correl Trunc to 51 from 88
Michael Purucker
2006.00  epoch
    51  max degree of main field
     0  max degree of secular field
     0  max degree of external field
3393.5  reference radius
   n   m        gnm              hnm       gdotnm    hdotnm
   1   0       -1.264727        0.000000
   1   1       -0.278553       -0.737325
   2   0        0.654288        0.000000
   2   1        1.129807        0.107851
   2   2        0.894745        0.491713
   3   0        0.924085        0.000000
   3   1       -0.425928        0.287655
   3   2       -0.896766       -0.935563
   3   3       -1.037589        0.057047
   4   0       -0.967835        0.000000
   4   1       -1.168553       -1.574579
   4   2       -0.178638       -1.140394
   4   3        2.318002        0.085865
   4   4        0.597821        0.669925
   5   0        0.848609        0.000000
   5   1        0.383287        1.949282
   5   2        0.489763        1.093035
   5   3       -0.113147       -1.322806
   5   4        0.385155       -1.122135
   5   5        0.368450       -1.224915
   6   0       -1.271137        0.000000
   6   1       -0.081714       -0.474729
   6   2        0.132066        0.083305
   6   3       -2.020116        0.089763
   6   4        0.439249        0.637911
   6   5        0.489237        1.203121
   6   6       -0.903094        0.247945
   7   0        1.177369        0.000000
   7   1        1.558668       -0.974748
   7   2       -0.927850        0.594267
   7   3        0.340748        1.101627
   7   4        0.230971       -0.105536
   7   5        0.732334        0.392584
   7   6        1.120621       -0.480378
   7   7        1.515018       -0.789571
   8   0       -0.732761        0.000000
   8   1       -3.662567       -0.258650
   8   2        0.695073       -2.242513
   8   3        1.730759       -1.112821
   8   4       -0.823699       -0.913190
   8   5       -0.948177       -0.391870
   8   6       -0.788680        2.130284
   8   7       -2.066657        1.367304
   8   8       -1.014907       -0.338452
   9   0       -1.564640        0.000000
   9   1        3.212968        0.802659
   9   2        2.175730        1.770110
   9   3       -1.614970        0.949555
   9   4       -0.639848        0.248472
   9   5        0.631388       -0.136661
   9   6        0.617921       -0.171968
   9   7        0.271926       -0.756379
   9   8        0.706890        0.118370
   9   9        1.556915       -1.023808
  10   0        3.070329        0.000000
  10   1        0.197054        0.065850
  10   2       -4.791273       -0.355465
  10   3       -1.273451       -1.223477
  10   4        2.041117        0.047525
  10   5        0.977646       -0.528496
  10   6       -0.446307       -1.903867
  10   7        0.035630        0.273071
  10   8       -0.877257        0.763795
  10   9       -1.806071        0.585124
  10  10       -0.773987        0.492055
  11   0       -2.198131        0.000000
  11   1       -2.991599       -0.794014
  11   2        2.653316       -0.559861
  11   3        2.879063        0.483585
  11   4       -0.821868        0.744447
  11   5       -2.199601        1.198392
  11   6       -0.538689        1.305372
  11   7        0.131453        0.666641
  11   8        0.345756       -0.384288
  11   9        0.277217       -0.060177
  11  10        0.915905       -1.919125
  11  11        1.067022       -1.516564
  12   0        0.276182        0.000000
  12   1        3.721299        0.461907
  12   2        0.825200       -0.925409
  12   3       -2.333488       -0.390678
  12   4       -2.479356       -0.883049
  12   5        0.308923       -0.726999
  12   6        1.201162       -0.163632
  12   7       -0.058452       -0.895198
  12   8        0.001451       -0.583128
  12   9        0.709628       -0.288110
  12  10       -1.170607        1.801396
  12  11       -2.335327        1.428878
  12  12       -3.272142        1.356009
  13   0        0.696867        0.000000
  13   1       -2.664956       -0.209727
  13   2       -3.026392        1.862250
  13   3        1.905452        0.421874
  13   4        3.890310       -0.900532
  13   5        1.699681       -0.969200
  13   6       -0.164804       -0.021875
  13   7       -0.748002        0.690213
  13   8       -0.138744        0.072444
  13   9        0.174875        1.078324
  13  10        0.664294        0.175680
  13  11        2.027206       -1.995603
  13  12        2.041870       -2.076564
  13  13       -0.151739       -1.252449
  14   0       -3.285580        0.000000
  14   1       -0.005026        0.795609
  14   2        3.137325        0.153419
  14   3       -0.262200       -1.363855
  14   4       -1.709323        1.251629
  14   5       -2.146856        1.274781
  14   6       -0.255879       -0.258559
  14   7        0.837143       -0.537094
  14   8        0.604365       -0.000994
  14   9        0.439073        0.063477
  14  10        1.479240        0.255972
  14  11       -0.629153        2.533445
  14  12       -1.596062        0.726188
  14  13       -2.581439        0.205948
  14  14       -1.718519       -0.013081
  15   0        4.100778        0.000000
  15   1        1.344823       -2.461349
  15   2       -2.992924       -1.893705
  15   3       -2.808040        1.474953
  15   4       -0.091173        0.967933
  15   5        1.991206       -0.424475
  15   6        0.304002       -0.630120
  15   7        0.069272        0.918184
  15   8       -0.899941        0.985362
  15   9       -1.202449       -0.184995
  15  10       -1.253009        0.552294
  15  11       -0.721609        0.595416
  15  12        0.411318       -0.088694
  15  13        2.390495       -0.506143
  15  14        1.913498       -0.880286
  15  15        0.689440        0.262541
  16   0       -1.756626        0.000000
  16   1       -4.499729        0.957570
  16   2        1.297640        0.801452
  16   3        4.642809        0.166193
  16   4        0.439795       -2.384827
  16   5       -1.349673        0.295443
  16   6       -1.242068        2.205833
  16   7       -0.773299       -0.358486
  16   8        0.459747       -1.654364
  16   9        0.331079       -1.445229
  16  10        0.811914       -2.172285
  16  11        1.236258       -1.984822
  16  12        0.704884        0.718325
  16  13        0.294427        0.584266
  16  14       -2.157341       -0.088062
  16  15       -1.109385       -0.343660
  16  16       -0.073754       -2.861151
  17   0       -3.573768        0.000000
  17   1        6.456783        1.742223
  17   2        1.863792       -0.086721
  17   3       -3.836914       -2.559830
  17   4       -1.872501        0.081052
  17   5        1.316585       -0.600787
  17   6        2.813151       -2.246519
  17   7       -0.680041       -1.954955
  17   8       -0.137555        1.083261
  17   9       -0.408689        1.543678
  17  10       -0.245883        2.005825
  17  11       -0.816190        1.207132
  17  12       -0.548264       -0.742479
  17  13       -0.736386       -0.701737
  17  14        1.966214       -0.065069
  17  15        1.173443       -0.547228
  17  16        1.603349        0.866016
  17  17        1.250670        0.579050
  18   0        3.942284        0.000000
  18   1       -4.755659       -2.708204
  18   2       -5.921597        0.618215
  18   3        0.110701        1.124045
  18   4        3.298366        1.884434
  18   5        0.927665       -0.065615
  18   6       -1.282298       -0.016144
  18   7        0.688671        3.087615
  18   8       -0.350538        1.529704
  18   9        0.508448        0.191509
  18  10        1.006800       -1.030725
  18  11        1.618330       -0.822522
  18  12        2.097694       -1.367413
  18  13        0.913485        0.882590
  18  14        0.037963        0.920182
  18  15       -0.402406        0.669053
  18  16       -0.448713        0.653083
  18  17        0.138996       -0.640975
  18  18       -1.021562       -1.478687
  19   0       -3.062044        0.000000
  19   1       -2.889274       -1.046825
  19   2        6.363696       -0.336478
  19   3        2.611219        1.414803
  19   4       -3.005691       -1.157128
  19   5       -2.812596        0.594733
  19   6        0.012247        0.523120
  19   7        2.169981       -2.380361
  19   8        0.160077       -3.201340
  19   9       -0.475886       -2.107639
  19  10       -1.425289       -0.378878
  19  11       -2.820995        2.025607
  19  12       -2.582989        2.035341
  19  13       -0.819026       -0.836269
  19  14       -0.121528       -0.073692
  19  15        0.818298       -0.426585
  19  16        0.202498       -3.078046
  19  17        0.170976       -0.326049
  19  18        1.130406        0.522425
  19  19       -1.513006        0.903388
  20   0        3.575841        0.000000
  20   1        5.552259        1.324175
  20   2       -4.187094       -2.191421
  20   3       -4.822662       -1.178207
  20   4        0.972315       -1.445156
  20   5        1.484358       -0.255517
  20   6       -0.327324        0.837621
  20   7       -1.553111       -0.101169
  20   8        1.558503        2.121943
  20   9        0.279507        1.588423
  20  10        0.520518        1.544748
  20  11        2.058943       -1.495945
  20  12        2.034060        0.011445
  20  13        1.747531       -0.334382
  20  14        0.798725       -0.051442
  20  15        0.317441        0.662417
  20  16        0.539058        1.234795
  20  17        0.337482        1.421591
  20  18        0.637330        0.670132
  20  19        0.795159       -0.104475
  20  20       -0.354454        0.282964
  21   0       -1.783638        0.000000
  21   1       -4.495485        0.449626
  21   2       -0.204056        1.343166
  21   3        4.292986       -0.028397
  21   4        1.807083        1.019725
  21   5        0.052855       -0.805600
  21   6       -0.342130       -0.653068
  21   7        0.559367        1.467292
  21   8       -0.432103        0.267228
  21   9       -0.082272       -0.638552
  21  10        1.736395       -1.868552
  21  11        0.918216       -1.346143
  21  12       -0.928887       -0.078038
  21  13       -2.691603        1.948964
  21  14       -1.149236        0.484251
  21  15       -0.472301        1.851308
  21  16        0.602950        1.588923
  21  17        0.629831       -1.507648
  21  18       -0.457308       -1.866988
  21  19       -0.820314       -0.896859
  21  20       -1.144762        0.928373
  21  21       -1.174688        2.661108
  22   0       -0.778559        0.000000
  22   1        3.975752       -0.619510
  22   2        2.738983       -0.239368
  22   3       -3.114139       -0.528832
  22   4       -2.734137       -0.056517
  22   5        0.344068        0.425791
  22   6        0.751149       -0.987844
  22   7       -0.387109       -0.647875
  22   8       -1.170302       -0.243939
  22   9        1.012339        1.222987
  22  10       -0.817657        2.232487
  22  11       -1.667336        2.828418
  22  12        0.654310       -1.100572
  22  13        1.462374       -1.462751
  22  14        1.245451       -0.277354
  22  15       -0.936403       -1.769047
  22  16       -1.991338       -0.771269
  22  17       -0.465812        0.007304
  22  18        0.334204        0.661633
  22  19        0.725807        1.563425
  22  20        0.482718       -0.277155
  22  21       -0.062654       -1.272940
  22  22        1.534443        0.016980
  23   0        2.992346        0.000000
  23   1       -4.487728       -1.575352
  23   2       -3.464032       -1.491036
  23   3        1.745670        1.440514
  23   4        1.909177        1.264410
  23   5       -0.559559        1.162997
  23   6       -0.320213        1.582987
  23   7        0.495520       -0.004354
  23   8        1.539343       -0.067575
  23   9       -1.289429       -0.960057
  23  10       -2.254413        0.170107
  23  11        0.955878       -1.131399
  23  12        0.980139        1.168031
  23  13       -0.913739        0.424723
  23  14       -1.835287        0.255660
  23  15        1.254061       -0.021447
  23  16        1.398671        0.619187
  23  17        1.018147        2.052440
  23  18        1.072844        0.646316
  23  19       -0.585933       -1.153550
  23  20        0.325095       -1.542636
  23  21       -1.140450       -0.315846
  23  22       -1.214972        2.602511
  23  23        0.548507        0.964407
  24   0       -1.531506        0.000000
  24   1        1.666747        1.640611
  24   2        2.051700        0.374828
  24   3        0.069669       -1.805671
  24   4       -1.611489       -2.043857
  24   5       -0.850299       -1.328801
  24   6       -0.432667       -0.202998
  24   7       -0.633817       -0.601930
  24   8       -0.526777       -0.080445
  24   9        0.545198        0.758265
  24  10        2.006417       -1.156734
  24  11       -0.612771       -0.210179
  24  12       -1.677341        1.021449
  24  13        0.705994       -0.427144
  24  14        2.101841       -0.810930
  24  15        0.663539        0.941750
  24  16       -1.024982       -1.632018
  24  17       -1.976924       -1.957707
  24  18       -1.478805       -1.281056
  24  19       -1.025541        0.119427
  24  20        0.034563        1.894785
  24  21        0.404138        0.419544
  24  22        1.227047       -2.754264
  24  23        1.563766       -1.095007
  24  24        1.754905       -0.172185
  25   0        1.817734        0.000000
  25   1        1.110961       -0.468591
  25   2       -2.052111       -0.254105
  25   3       -1.836878       -1.224836
  25   4        2.685559       -0.696429
  25   5        1.450596        0.144055
  25   6       -0.274380        0.002496
  25   7       -0.216479        1.931276
  25   8       -0.269093        1.424548
  25   9        0.869422       -0.070455
  25  10        0.417626       -0.361733
  25  11       -0.771262        0.902152
  25  12       -0.301343       -0.782212
  25  13       -0.312017        0.081307
  25  14       -1.711879        0.749187
  25  15       -3.111369        0.050415
  25  16        0.886837        1.657636
  25  17        2.159286        1.020748
  25  18        0.509910        1.100559
  25  19        0.783305        0.509177
  25  20       -1.187186       -2.029111
  25  21       -0.735032       -0.865265
  25  22       -0.056256        0.901876
  25  23       -1.633639        1.310505
  25  24       -0.173069        0.697574
  25  25        0.153300       -1.863979
  26   0       -0.227726        0.000000
  26   1       -0.315798       -1.411611
  26   2        2.286110        0.571461
  26   3        0.863495        1.862019
  26   4       -1.998236        0.472621
  26   5       -0.407033        0.323501
  26   6        0.164559       -0.242838
  26   7       -0.167338       -1.029067
  26   8       -0.879639       -2.458874
  26   9       -2.178062       -1.200598
  26  10       -1.271179        1.713079
  26  11        2.276684       -0.204255
  26  12        0.598222       -0.348164
  26  13       -0.643974        0.094476
  26  14        0.515769       -0.377431
  26  15        2.970488       -1.889088
  26  16        0.854325        0.083125
  26  17        0.178272        0.253358
  26  18        0.575017       -0.736473
  26  19       -0.346267       -1.373746
  26  20       -0.497156       -1.576156
  26  21       -0.174111        0.071212
  26  22        0.522032        0.434749
  26  23        1.090166       -0.518228
  26  24        1.702264       -0.251963
  26  25        2.367515        0.960368
  26  26       -0.006580       -0.745984
  27   0        1.541417        0.000000
  27   1       -0.337375        0.644747
  27   2       -1.741963       -1.990735
  27   3       -0.236614       -0.270053
  27   4       -1.268730        0.449430
  27   5        0.700973       -0.450150
  27   6        0.646237       -0.861425
  27   7        0.755129       -0.386599
  27   8        1.532477        1.555192
  27   9       -0.605060        1.764057
  27  10       -1.265177       -0.744490
  27  11       -0.664345       -1.996351
  27  12        1.346100        0.380955
  27  13        1.329197        0.847360
  27  14        0.229944        0.511612
  27  15       -1.391157        0.758072
  27  16       -2.726501       -0.049220
  27  17       -2.211706        1.176711
  27  18       -0.789946        0.563554
  27  19       -1.013953        2.425723
  27  20        0.442580        1.993146
  27  21       -0.401599       -2.019198
  27  22       -0.438487       -1.985264
  27  23        0.102409       -0.853336
  27  24       -1.996817        1.515219
  27  25       -1.834372        1.056334
  27  26       -0.249276       -1.196559
  27  27       -0.218313       -1.568044
  28   0       -0.642528        0.000000
  28   1        0.919891        0.622445
  28   2        0.571591       -1.544966
  28   3        2.085146       -1.359408
  28   4        0.926068       -0.460285
  28   5       -1.886356       -0.945447
  28   6        0.720950        0.532876
  28   7        0.938575        0.671319
  28   8       -0.092860        0.293098
  28   9        1.808193       -1.290993
  28  10        1.417482       -0.433211
  28  11       -2.020172        1.700649
  28  12       -0.811958       -0.062641
  28  13       -0.976921       -0.805000
  28  14       -1.035095       -0.434549
  28  15        0.931114        0.134081
  28  16        2.934959       -0.307406
  28  17        0.810745       -1.835044
  28  18        0.127113       -0.415004
  28  19        1.759636       -1.050368
  28  20        1.489597       -1.146479
  28  21        1.518584        0.251470
  28  22        1.316685        0.724968
  28  23        0.564734        1.147455
  28  24        0.577363       -0.301826
  28  25        1.216086       -0.300390
  28  26        1.160664        2.556789
  28  27       -0.313756        0.883219
  28  28       -0.841469       -0.362227
  29   0        0.171098        0.000000
  29   1       -1.266285       -0.288932
  29   2       -0.253883        4.346670
  29   3       -1.799366       -0.328928
  29   4        1.956304       -0.768939
  29   5        0.661828        1.147915
  29   6       -2.070216        0.029246
  29   7       -2.314877       -0.182676
  29   8       -1.832200       -0.489526
  29   9        0.958736        1.559326
  29  10        1.872436        2.212809
  29  11        0.049693        0.537601
  29  12       -2.044737       -1.464811
  29  13        0.722552        0.377083
  29  14        0.562990        1.680839
  29  15       -0.540908        0.238569
  29  16       -1.844981       -0.208138
  29  17       -0.181685        0.089553
  29  18        0.083484        0.685198
  29  19       -1.342880       -0.964668
  29  20       -2.406738        0.442002
  29  21       -1.407019        2.129406
  29  22        0.341570        0.172359
  29  23        0.153488       -1.344469
  29  24        1.977445       -0.444495
  29  25       -1.226676       -0.493907
  29  26       -1.132043       -0.067153
  29  27        0.506214       -0.135402
  29  28       -0.569334       -1.690209
  29  29        0.041922       -0.262197
  30   0       -1.339654        0.000000
  30   1       -0.739183        0.980231
  30   2       -0.001671       -0.139395
  30   3       -0.955596        0.582733
  30   4       -0.564260       -0.185076
  30   5       -0.031167        0.340286
  30   6       -2.049964       -0.937513
  30   7        0.535319       -0.604184
  30   8        2.088750       -0.426247
  30   9       -1.991676       -0.942782
  30  10       -1.659250       -1.142824
  30  11        0.872096       -0.913271
  30  12        0.815413        1.329910
  30  13       -0.372736        0.069715
  30  14        0.038891       -1.568724
  30  15       -0.228694       -1.406681
  30  16        1.124369        0.585562
  30  17        1.086968        1.077837
  30  18        0.205905       -1.220950
  30  19        0.241725       -0.440186
  30  20        2.959858       -0.327794
  30  21        0.615790       -0.065431
  30  22        1.268287        1.494678
  30  23        0.400737        2.643884
  30  24       -0.584880        2.068592
  30  25        0.343808        1.631632
  30  26       -0.191579       -1.127888
  30  27        0.302747       -0.646343
  30  28       -0.109199        1.306633
  30  29       -0.942982        0.956838
  30  30        1.285111        0.915308
  31   0        2.551589        0.000000
  31   1        0.060411       -2.523794
  31   2       -1.336892       -4.777537
  31   3       -0.102766        2.110312
  31   4       -2.904148       -0.571512
  31   5        1.823297       -1.774396
  31   6        4.462637       -0.133465
  31   7       -0.054370       -1.052607
  31   8       -0.922196       -0.655303
  31   9       -1.259270       -0.867677
  31  10       -1.687212        0.065619
  31  11        0.918546        0.767183
  31  12        2.225134        1.279983
  31  13       -0.497269       -0.162978
  31  14       -0.194339       -0.549639
  31  15        1.263562        1.407654
  31  16       -1.743129        0.779813
  31  17       -2.651996       -0.232270
  31  18       -0.855692        0.746652
  31  19        0.081577        1.199443
  31  20       -1.202942       -0.685803
  31  21       -1.007878       -1.111904
  31  22       -1.803564       -1.648620
  31  23       -0.758113       -1.097521
  31  24       -1.302106       -1.145781
  31  25       -0.340966        0.414523
  31  26        1.269930        0.876910
  31  27        1.103958        0.541434
  31  28        0.533677       -1.494660
  31  29        1.097497       -2.289412
  31  30       -0.089750       -0.817114
  31  31       -0.837422        0.473900
  32   0       -0.313645        0.000000
  32   1        0.548429        1.009622
  32   2        0.598757        2.649792
  32   3        0.886128       -2.462585
  32   4        1.150048       -0.806142
  32   5       -0.206509        0.978774
  32   6       -1.200174        2.038306
  32   7       -2.232665        1.172945
  32   8       -0.698735        0.682601
  32   9        3.087801        0.129449
  32  10        1.704065       -1.094853
  32  11       -1.154760       -0.146158
  32  12       -1.158023       -0.014916
  32  13       -1.182814        1.033576
  32  14       -2.247837        0.431647
  32  15       -2.300183       -0.533387
  32  16        0.558652       -1.393453
  32  17        4.092394       -1.177612
  32  18        1.451672       -0.078425
  32  19        0.342440       -0.978436
  32  20       -0.511173       -0.062699
  32  21        2.581675       -0.488742
  32  22        0.743376        0.796873
  32  23        0.772717        0.538670
  32  24        1.501001        0.940934
  32  25       -0.346097        0.178221
  32  26       -0.384268        1.176427
  32  27       -0.764920       -0.414639
  32  28        0.341877       -0.001733
  32  29        0.331877        1.085081
  32  30       -1.092148       -0.279160
  32  31        0.912063        0.561851
  32  32        0.856292        0.938670
  33   0       -0.423868        0.000000
  33   1       -0.928682        3.425089
  33   2       -1.659368        0.884199
  33   3       -1.062544       -1.498683
  33   4        2.521247        2.171824
  33   5       -2.557039       -0.174310
  33   6       -0.802753       -2.833526
  33   7        3.330140        0.014381
  33   8       -0.303118       -0.299719
  33   9       -0.531243        0.231904
  33  10        0.055184        0.212982
  33  11       -2.257648       -0.149200
  33  12       -1.288944       -1.894139
  33  13        2.004408       -1.779913
  33  14        1.901131        0.475929
  33  15        1.496273        0.389660
  33  16        3.761097        0.409245
  33  17       -1.022110       -0.212458
  33  18       -3.626659        0.106556
  33  19       -0.853102       -0.135420
  33  20        1.579045        2.060758
  33  21       -1.163989        1.020107
  33  22        0.540759        1.679702
  33  23       -1.934685        0.485729
  33  24       -0.426140       -1.083104
  33  25       -0.640579       -1.452027
  33  26       -0.938504       -0.724381
  33  27        0.919139        1.891159
  33  28       -0.232391        1.243509
  33  29        0.957813       -0.116202
  33  30        1.711081       -0.819651
  33  31        0.216045       -1.295207
  33  32       -0.029417       -1.146755
  33  33       -0.633828       -0.109676
  34   0       -1.953468        0.000000
  34   1       -0.919838       -2.188701
  34   2        3.044161       -0.432830
  34   3       -0.578086        3.987285
  34   4       -3.125107       -3.406305
  34   5        1.223640       -2.736560
  34   6        0.087799        0.433584
  34   7       -0.287813       -0.398715
  34   8       -0.072507       -1.110074
  34   9       -1.459167        0.355246
  34  10       -0.891985        1.730896
  34  11        1.991685       -0.928355
  34  12        1.704794       -0.187566
  34  13        0.003298        1.248802
  34  14       -0.276871        1.143261
  34  15       -1.549284       -0.154982
  34  16       -5.740114       -0.881098
  34  17       -3.290593        1.428964
  34  18        3.124695        0.381679
  34  19        2.615377       -0.517224
  34  20        0.961756       -1.920590
  34  21       -0.949588       -0.663228
  34  22        0.468278       -1.405103
  34  23        0.362516        0.306350
  34  24       -1.103200        0.939682
  34  25        0.246606       -0.195934
  34  26        0.455513       -1.264545
  34  27        0.013821       -1.005849
  34  28        0.356092       -0.469915
  34  29       -0.474643        0.453006
  34  30       -0.576505        0.155431
  34  31        0.382582        0.513517
  34  32       -0.272208        0.222699
  34  33       -0.946124        0.436426
  34  34       -2.032945        1.407616
  35   0        2.801508        0.000000
  35   1        1.932443       -0.746484
  35   2       -2.384066       -0.295998
  35   3       -2.633556       -1.108386
  35   4       -1.550270        0.938415
  35   5        3.385155        3.579348
  35   6        0.275365        0.636930
  35   7        0.007286       -2.288847
  35   8        2.306356        0.878280
  35   9       -0.849113       -0.904548
  35  10        0.093025       -1.568294
  35  11        3.607657        0.292206
  35  12        0.318658        2.646224
  35  13       -3.158400        1.061852
  35  14       -0.639351       -1.974632
  35  15        0.921154       -0.761836
  35  16        1.113934        0.534002
  35  17        4.443669       -0.160951
  35  18        1.019714       -0.876486
  35  19       -2.887370        0.087277
  35  20       -3.292853       -0.848745
  35  21        0.969289        0.868882
  35  22        0.718364        0.431741
  35  23        2.429952        0.626593
  35  24       -0.508756        0.012817
  35  25       -0.959273        0.599109
  35  26        1.643773        1.233011
  35  27       -0.426759       -0.393188
  35  28       -0.011634        0.883528
  35  29       -0.438258       -0.389238
  35  30       -0.557259        0.598374
  35  31        0.655501        0.499995
  35  32        1.543110       -0.413482
  35  33        1.334700       -0.197230
  35  34       -0.018834       -2.345376
  35  35       -1.426348       -0.053715
  36   0       -1.309714        0.000000
  36   1       -4.416930        3.462249
  36   2       -1.371877       -2.258051
  36   3        5.975203       -0.335041
  36   4        3.195774        3.291997
  36   5       -2.455685       -2.035405
  36   6        1.178804       -0.984323
  36   7       -2.020675        2.636309
  36   8       -1.726799        1.508681
  36   9        1.850372       -1.010690
  36  10        0.656963        0.551248
  36  11       -5.344059        2.076445
  36  12       -3.811199       -2.330172
  36  13        1.027777       -3.196756
  36  14        1.764764        0.035497
  36  15        1.047848        2.087545
  36  16        3.012694        0.501487
  36  17       -3.075145       -1.509176
  36  18       -4.761835        1.018270
  36  19        0.545428        0.120015
  36  20        2.142659        0.807487
  36  21        2.290198       -0.768592
  36  22        0.231328        0.533735
  36  23       -0.985408       -1.097107
  36  24        0.421555        0.014509
  36  25       -1.277912        0.719010
  36  26        0.103879        0.397618
  36  27       -0.323542       -0.081659
  36  28        0.240436       -1.533491
  36  29        1.313301        0.117664
  36  30        1.268761       -1.341540
  36  31        0.072611        0.187629
  36  32       -1.011149        0.541056
  36  33       -0.998237        0.362212
  36  34        0.830308        0.852488
  36  35       -1.670963       -1.330412
  36  36       -2.342485       -0.867430
  37   0       -2.785065        0.000000
  37   1        2.505859       -0.272119
  37   2        1.553208        2.039809
  37   3       -3.988535       -0.813161
  37   4       -2.605097       -2.519732
  37   5       -2.041573        0.552856
  37   6       -1.052292        1.976899
  37   7        1.520860       -1.079720
  37   8        1.468771       -2.789988
  37   9        0.594387        1.938032
  37  10       -3.105408        1.143880
  37  11       -0.780807       -1.627830
  37  12        5.358211       -1.887008
  37  13        3.308220        2.003609
  37  14       -2.530958        1.203202
  37  15       -1.639081       -0.802239
  37  16       -0.316424       -0.563237
  37  17        1.470406        1.828490
  37  18        4.474508       -0.234922
  37  19        3.174670       -0.012192
  37  20       -0.423570        1.428040
  37  21       -4.004700        0.807627
  37  22       -2.225850        0.068592
  37  23       -1.180635       -0.251494
  37  24        0.615369        0.032499
  37  25        1.349957       -0.873398
  37  26       -0.547268       -1.372367
  37  27        1.270596        1.905623
  37  28       -0.951137        1.207937
  37  29       -0.899510        1.521675
  37  30       -0.152951        0.988784
  37  31       -0.320726        0.741841
  37  32        0.412757       -0.987318
  37  33       -0.812951        0.018878
  37  34       -0.822521       -0.764982
  37  35        1.868870       -0.747032
  37  36        1.755489        0.743863
  37  37       -0.389145       -0.659683
  38   0        3.032052        0.000000
  38   1       -0.941233        0.271207
  38   2       -3.300296        1.935570
  38   3       -1.905990       -0.845584
  38   4        0.689431       -0.192620
  38   5        2.921581        0.406880
  38   6        0.422794       -2.476233
  38   7        1.454034       -1.349816
  38   8       -1.592800        0.756389
  38   9       -1.701286       -0.674193
  38  10        3.772106       -2.959095
  38  11        5.441264        0.096424
  38  12       -3.376291        3.266287
  38  13       -5.810328        0.344995
  38  14       -1.992618       -1.995855
  38  15       -0.515913       -1.717263
  38  16       -2.041406        1.347131
  38  17        0.394679        0.327235
  38  18       -2.869975       -0.745339
  38  19       -3.747105        1.765276
  38  20       -0.531246       -1.161632
  38  21        2.055994       -1.194445
  38  22        2.824248        0.114704
  38  23        1.931952        0.799073
  38  24       -0.342832       -0.390898
  38  25       -0.400558       -1.243623
  38  26       -1.010178       -0.022140
  38  27       -0.042366       -0.743213
  38  28       -0.584264        0.403256
  38  29       -0.235645       -2.726975
  38  30        0.350810       -1.064362
  38  31        1.726550       -0.637312
  38  32       -0.291442        0.763138
  38  33        0.422098        0.329193
  38  34        0.586681        0.916216
  38  35       -1.215759        0.244504
  38  36       -0.524896       -1.372637
  38  37       -0.078362       -0.424350
  38  38        0.725029       -0.486231
  39   0       -2.571413        0.000000
  39   1       -0.209965       -0.606144
  39   2        3.481927       -1.098894
  39   3        1.335498        1.405255
  39   4       -0.748316        0.021607
  39   5        0.506061       -0.626581
  39   6       -0.005313        2.381625
  39   7       -2.625832        1.900127
  39   8        1.453567        0.468799
  39   9        2.366193       -1.086327
  39  10        0.033489        2.289746
  39  11       -4.490003        1.088361
  39  12       -2.567539        0.054949
  39  13        4.451266       -1.331600
  39  14        5.568731        1.154044
  39  15        0.392395        0.317821
  39  16        0.510187       -2.009768
  39  17       -1.319586       -1.579772
  39  18        0.692384        0.578227
  39  19        2.360360       -2.299129
  39  20        2.118293       -0.961228
  39  21        1.390130        0.641389
  39  22       -1.698923        1.718451
  39  23       -2.037358        1.224178
  39  24       -1.486918        1.661491
  39  25       -2.565446        1.533995
  39  26        0.957374        1.708661
  39  27       -0.048751       -1.113729
  39  28        2.080266        0.987273
  39  29       -0.584027        0.780494
  39  30       -2.022895        1.398100
  39  31       -1.992509        1.555231
  39  32        0.306598        0.403931
  39  33        0.290336       -0.284905
  39  34       -0.850897       -1.352449
  39  35       -0.763317       -0.298497
  39  36       -0.621391        0.615554
  39  37       -0.805544       -0.144598
  39  38       -0.400529        1.518079
  39  39        0.384554       -0.363457
  40   0        0.372923        0.000000
  40   1        2.067167        1.832442
  40   2       -2.700673       -0.530128
  40   3       -0.026145        1.055217
  40   4        0.121412        0.241230
  40   5       -2.075938        0.353454
  40   6        0.354626       -0.176391
  40   7        1.283510       -0.551798
  40   8        0.018129       -0.413373
  40   9       -2.662683        1.853721
  40  10       -3.420467        0.071768
  40  11        2.933490       -2.885836
  40  12        5.589989       -2.840723
  40  13       -1.812138        0.606479
  40  14       -4.109635       -1.378854
  40  15       -1.628143        0.434656
  40  16        0.671785       -0.896558
  40  17        0.362609       -0.047655
  40  18        1.353954       -0.883635
  40  19       -1.878115       -0.425932
  40  20       -2.834681        2.820611
  40  21       -1.069000        0.319323
  40  22        0.161797       -2.540411
  40  23        0.921217       -1.923165
  40  24        1.356617       -1.315528
  40  25        0.171842       -1.172528
  40  26        0.122715       -1.898447
  40  27       -0.869759       -0.047312
  40  28       -0.826654       -1.423007
  40  29       -0.649912        0.106149
  40  30        0.819341       -2.447504
  40  31        0.668054       -1.520605
  40  32        1.174792       -1.094457
  40  33       -1.859404       -1.096825
  40  34        1.214197        0.704931
  40  35        1.167134        0.308140
  40  36        1.146397        0.297759
  40  37        1.173848       -1.036561
  40  38       -0.195617       -1.484155
  40  39        1.393923       -0.009500
  40  40        2.828877        0.716953
  41   0       -2.394441        0.000000
  41   1       -3.521247       -0.659915
  41   2        1.076487        0.874337
  41   3       -0.721647       -2.319222
  41   4       -2.370739       -0.029470
  41   5        0.425701       -0.259868
  41   6        0.317544       -1.729382
  41   7        0.541757        0.230228
  41   8       -0.975926        0.065365
  41   9        2.131588       -1.462439
  41  10        2.704971       -1.520881
  41  11       -0.354027        2.173329
  41  12       -3.531564        1.416839
  41  13       -1.766823        0.975775
  41  14        2.158104        0.554204
  41  15        2.842040        1.513355
  41  16        0.634962        1.159677
  41  17        0.486221        1.191554
  41  18       -1.168727        1.016779
  41  19        1.790697        1.720384
  41  20        2.432528       -2.094241
  41  21        0.344552       -0.994925
  41  22        0.285297        1.492320
  41  23       -1.910897        1.439838
  41  24       -1.178749        0.543722
  41  25       -0.290787        0.003609
  41  26       -1.661331        0.142519
  41  27        0.393846        2.224107
  41  28        0.146675        0.842532
  41  29        1.304109        1.272828
  41  30        1.305605        0.082926
  41  31       -0.387101        0.539092
  41  32       -1.610266        0.435439
  41  33       -0.427406        1.197632
  41  34       -1.039874       -0.046973
  41  35        0.943185       -0.935051
  41  36       -0.046350        0.652111
  41  37       -1.123697        0.660210
  41  38       -0.352615        0.549245
  41  39       -1.593653        1.229183
  41  40       -0.719974        0.937527
  41  41        0.196428        0.074229
  42   0        1.162020        0.000000
  42   1        3.605114        0.938397
  42   2       -1.684319       -0.140948
  42   3       -1.183983        0.638394
  42   4        2.612533        0.842968
  42   5        1.631301       -0.173458
  42   6       -1.769817        0.210417
  42   7       -0.073237        0.095533
  42   8        2.156866        1.056304
  42   9        0.168434        0.160988
  42  10       -1.413410        1.960295
  42  11       -2.884342        0.291786
  42  12        0.841138       -0.092380
  42  13        3.840859       -1.261702
  42  14       -0.728233       -1.125700
  42  15       -1.936464       -2.875169
  42  16       -2.351719       -0.422779
  42  17       -1.884833       -1.087086
  42  18       -0.141650       -0.536746
  42  19        0.495236       -2.462392
  42  20       -2.101097       -1.758076
  42  21       -1.185385        1.542071
  42  22        1.611985        1.090833
  42  23        2.053230       -0.883927
  42  24        0.540302       -0.602901
  42  25       -0.596651       -0.955558
  42  26       -0.364215       -0.355941
  42  27        0.011594       -1.712603
  42  28        0.756217       -0.928871
  42  29       -0.233248       -1.615214
  42  30       -1.466410        0.832400
  42  31        0.724618       -0.259108
  42  32        0.718812       -0.290453
  42  33        1.125124       -1.649729
  42  34       -0.190242       -1.733774
  42  35       -1.647883       -0.532947
  42  36       -0.230301       -0.658896
  42  37        0.656068       -0.118634
  42  38        2.076211       -0.162193
  42  39        2.000169       -1.302191
  42  40        0.914963        1.310427
  42  41        1.178281        0.903885
  42  42       -0.230895       -0.207907
  43   0        0.078898        0.000000
  43   1       -3.654471       -1.125534
  43   2       -0.353768        1.295216
  43   3        2.499762        1.201265
  43   4       -1.767230       -1.611241
  43   5       -2.365739       -0.626824
  43   6        1.200516        1.395272
  43   7       -1.186469       -0.466316
  43   8       -1.623362       -1.176142
  43   9       -1.090965        1.415361
  43  10        1.193101       -1.216061
  43  11        2.691866       -2.138431
  43  12        0.219413        0.022879
  43  13       -3.724466        1.098228
  43  14       -0.119950        0.638528
  43  15        1.463551        1.605133
  43  16        1.766841       -0.345728
  43  17        1.347859       -0.903941
  43  18        1.066085        0.415020
  43  19       -2.385412        1.816478
  43  20        1.231672        2.952842
  43  21        2.792992       -0.031423
  43  22       -0.718956       -0.423868
  43  23       -0.919485        0.895579
  43  24       -2.101960        0.927865
  43  25       -1.368680        2.132335
  43  26        1.338806        1.281311
  43  27       -0.286604       -0.913013
  43  28       -0.966931        0.106008
  43  29       -0.993542        0.900280
  43  30        0.359336       -0.239768
  43  31        1.546546        0.689522
  43  32        1.462742        0.427343
  43  33       -0.800088        0.322504
  43  34       -0.543242        1.307251
  43  35        0.357031        0.794247
  43  36        2.185163        0.376934
  43  37        1.099692        0.898092
  43  38       -0.510432        0.919491
  43  39       -1.129447        1.073557
  43  40       -1.737539       -0.062263
  43  41        0.109586        1.524410
  43  42       -0.147501        0.156472
  43  43        0.113581        1.014890
  44   0       -2.331352        0.000000
  44   1        3.492746        2.016782
  44   2        0.229721        0.055385
  44   3       -3.643057       -0.837192
  44   4       -1.072027        0.335545
  44   5        2.834777        0.665422
  44   6        0.517425       -0.899371
  44   7       -0.695659       -0.422921
  44   8        0.139028       -0.417183
  44   9        0.955012       -0.015672
  44  10       -0.373396       -0.156111
  44  11       -0.635590        1.567235
  44  12       -1.156247       -0.857585
  44  13        0.961277       -0.469555
  44  14        0.978010       -1.156455
  44  15       -0.721476       -0.082144
  44  16        0.735112       -0.369642
  44  17       -0.033190        1.302657
  44  18       -2.223283        0.354097
  44  19       -0.218168       -1.242891
  44  20        0.313986       -2.660175
  44  21       -2.136845       -2.424367
  44  22       -2.178482        0.347333
  44  23        0.497266        0.984343
  44  24        3.242732       -1.288066
  44  25        1.008205       -2.085287
  44  26       -0.969022       -1.488959
  44  27       -0.231995        0.644376
  44  28       -1.040589        0.878356
  44  29        1.051806        0.104026
  44  30       -0.070620       -0.921946
  44  31       -1.889208        0.013722
  44  32        0.512825        0.212096
  44  33        0.418703        0.719938
  44  34        0.790220        0.293411
  44  35        0.785350       -1.109898
  44  36       -2.381441       -0.787220
  44  37       -2.345680       -1.218230
  44  38       -1.937916        0.040856
  44  39        0.346699       -0.239044
  44  40        0.917697        0.202149
  44  41        0.530408       -0.848335
  44  42        0.357135        0.070103
  44  43       -1.224234        0.377470
  44  44       -0.650623        0.162313
  45   0        1.004087        0.000000
  45   1       -1.535049       -2.883627
  45   2       -2.339538       -0.050208
  45   3       -0.107402        0.434866
  45   4        2.559089        0.583526
  45   5       -1.543536       -0.580673
  45   6       -1.122197       -0.150151
  45   7        2.230092        0.925589
  45   8        0.310267       -0.455868
  45   9       -0.616744       -1.730223
  45  10       -1.081435        1.432190
  45  11       -0.245655       -0.236153
  45  12        1.734940        0.068546
  45  13        1.302932        0.640040
  45  14       -1.814703        0.474659
  45  15        0.846412       -0.513502
  45  16       -0.595975        0.961049
  45  17       -0.274361       -0.512978
  45  18        1.699758       -1.775150
  45  19        1.698794        0.351523
  45  20       -1.344585        1.639484
  45  21        0.196473        1.138166
  45  22        1.776836        1.571065
  45  23       -0.101229       -0.211964
  45  24       -0.665773        0.425513
  45  25       -1.628174        0.084826
  45  26       -0.933097        1.085122
  45  27        1.198096        1.319480
  45  28        1.957204       -0.548474
  45  29        0.765669       -0.590371
  45  30        0.183088        1.632698
  45  31       -0.849210        0.365690
  45  32       -0.523126        0.083182
  45  33        0.188786       -1.470768
  45  34       -0.809425       -0.675085
  45  35       -1.007601        1.169274
  45  36        0.527379        2.266125
  45  37        2.038145        1.697588
  45  38        3.488482       -0.952152
  45  39       -0.642627       -0.085553
  45  40       -0.740948        1.205287
  45  41       -0.303869        0.282384
  45  42       -0.474785       -0.228268
  45  43        0.564183       -0.923023
  45  44        0.352547        0.474356
  45  45       -1.192593        1.409011
  46   0       -0.533075        0.000000
  46   1        0.979454        2.631206
  46   2        1.564340        0.270173
  46   3        1.087860        0.299955
  46   4       -3.617306       -0.404681
  46   5       -0.049426        0.209496
  46   6        1.959893       -0.237270
  46   7       -0.430372       -0.940270
  46   8       -0.219253        0.608527
  46   9        0.058669        1.369057
  46  10        0.845406       -0.112204
  46  11       -0.206861       -0.260595
  46  12       -0.885836        1.686603
  46  13       -0.703940       -0.115572
  46  14        1.038562       -0.922520
  46  15       -0.894364       -1.149225
  46  16       -1.253016       -1.739183
  46  17        0.513811       -0.711616
  46  18        0.804225        1.183080
  46  19       -0.813796        0.767114
  46  20        0.288450       -0.800492
  46  21        1.480763       -1.668318
  46  22       -0.407915       -1.764849
  46  23       -1.945384       -0.304200
  46  24       -0.421225        0.651432
  46  25        1.997645        1.412551
  46  26        2.253645       -0.600839
  46  27       -0.398423       -1.042423
  46  28       -1.156972       -1.079258
  46  29       -1.352387       -0.138881
  46  30       -0.054617       -0.779151
  46  31        0.366010       -1.061677
  46  32       -0.687972       -0.104021
  46  33        0.007149        1.432536
  46  34        0.260781        0.069284
  46  35        0.711564        0.867847
  46  36        0.597482       -0.277737
  46  37       -1.290853        0.015007
  46  38       -1.800408        0.525345
  46  39       -2.482614       -0.879591
  46  40       -1.694737       -0.677943
  46  41       -0.402367        0.244363
  46  42        0.542533       -0.047194
  46  43        0.290533        1.660792
  46  44       -0.888182       -0.608026
  46  45        0.028568       -0.496749
  46  46        0.752453       -0.540317
  47   0        0.266114        0.000000
  47   1       -0.981984       -2.393775
  47   2       -0.772806       -0.448785
  47   3       -2.434849        0.630574
  47   4        0.592924        0.125380
  47   5        1.742659       -0.273510
  47   6       -1.282321        0.330284
  47   7       -1.372968        0.911661
  47   8        0.670743        0.316704
  47   9        0.618068       -0.603726
  47  10       -0.273330       -1.690993
  47  11       -0.863307       -0.585245
  47  12       -0.734214       -1.334565
  47  13        0.565946        0.046606
  47  14        1.246130        0.929842
  47  15        0.310562        1.454456
  47  16        2.536361        1.028154
  47  17        0.261576        0.785224
  47  18       -1.886976       -0.436314
  47  19       -0.007667       -0.300075
  47  20        1.302999        1.314570
  47  21       -0.103141        1.676742
  47  22        0.270824        1.073343
  47  23        0.640022       -0.008284
  47  24       -0.681601       -0.193697
  47  25       -2.293558        0.069174
  47  26       -1.423778       -1.034095
  47  27       -0.826171        0.226875
  47  28        0.146188        1.193361
  47  29        1.393653        1.364838
  47  30        0.643977       -0.131997
  47  31        1.407863        1.150726
  47  32        1.276771        0.216947
  47  33        0.324835        0.032268
  47  34        0.328551       -0.283189
  47  35       -0.259428       -1.194544
  47  36       -2.207688        0.046656
  47  37       -1.396590       -0.274547
  47  38        0.048433        0.279955
  47  39        2.423268        0.496279
  47  40        0.143860       -0.239629
  47  41       -0.058585        0.018535
  47  42        0.238739        0.083191
  47  43        0.200537       -0.918110
  47  44        0.305332        0.606556
  47  45       -0.352182        0.666236
  47  46       -0.099059        0.698303
  47  47       -1.456142       -1.225294
  48   0        0.050054        0.000000
  48   1        2.087729        2.625447
  48   2       -2.202645        0.898393
  48   3        1.294952       -0.574315
  48   4        0.491945        0.653500
  48   5       -1.610415        0.780170
  48   6        0.081670        0.044551
  48   7        1.923455       -1.486500
  48   8        0.059802       -1.521284
  48   9       -0.119292        0.025591
  48  10       -0.338923        2.012739
  48  11        0.761849        0.513501
  48  12        0.523609        0.280934
  48  13       -0.318682        0.728931
  48  14       -0.651500       -0.351965
  48  15        0.494817       -0.379898
  48  16       -1.828302       -0.522700
  48  17       -1.168272       -0.500636
  48  18        0.721330       -0.249799
  48  19        0.613476        0.714077
  48  20       -1.809437       -0.072446
  48  21       -1.139377       -1.293630
  48  22        0.441524       -0.811465
  48  23        0.585639       -2.685227
  48  24        0.375972       -1.857935
  48  25       -0.034059       -0.465282
  48  26        1.525959        0.522091
  48  27        2.457625        0.631834
  48  28        0.375476       -0.679075
  48  29        0.349684       -0.798580
  48  30       -0.572354        0.020166
  48  31       -1.867489       -0.160139
  48  32       -1.500509        0.232420
  48  33       -2.016775       -0.588221
  48  34       -1.124998        1.297427
  48  35       -0.292975        0.272589
  48  36        0.740695        0.397408
  48  37        0.335376       -0.443800
  48  38        0.629450       -0.337896
  48  39       -0.894269       -0.175916
  48  40       -0.676495       -0.008320
  48  41       -0.536938       -0.167464
  48  42       -0.304019       -0.679168
  48  43        0.067134       -0.115853
  48  44       -0.122179       -0.483631
  48  45        0.329027        1.290645
  48  46       -0.388362        0.358902
  48  47        1.141862       -0.616544
  48  48        0.433747       -0.436674
  49   0        0.186128        0.000000
  49   1       -1.302575       -2.720636
  49   2        1.606333       -1.032576
  49   3       -1.747606        0.245779
  49   4       -1.654096        0.451638
  49   5        0.518957       -1.112790
  49   6        1.096502       -0.846828
  49   7       -0.071607        1.040844
  49   8       -0.761870        1.641244
  49   9        0.573583       -0.041941
  49  10        0.991802       -0.547872
  49  11       -0.586275       -0.409220
  49  12       -0.720288        0.124135
  49  13        0.070128       -0.595673
  49  14        0.229664        0.587005
  49  15       -0.698111       -0.504667
  49  16        0.993607        0.011639
  49  17        1.821835       -0.169982
  49  18        0.629853       -0.231133
  49  19       -1.212889       -1.284049
  49  20        0.205403       -0.976907
  49  21        0.940565        0.884948
  49  22        0.286347        2.778838
  49  23        0.397318        2.889675
  49  24        1.082227        1.179057
  49  25        0.372016        1.324392
  49  26       -0.834646       -0.279604
  49  27       -1.060421        0.266246
  49  28        0.123224        0.152422
  49  29       -1.160427        1.143393
  49  30        0.886360       -0.110810
  49  31        0.212745        0.241766
  49  32       -0.086826       -0.409217
  49  33        1.152142       -0.244303
  49  34       -1.197077       -0.262621
  49  35        0.159002        0.801991
  49  36        2.042006       -1.090213
  49  37        1.123539        1.148835
  49  38       -0.323193       -0.953879
  49  39       -1.155705       -0.718592
  49  40       -0.720279        0.156666
  49  41       -0.421158       -0.541167
  49  42        0.366504       -0.364218
  49  43        0.277086        1.067834
  49  44       -0.169020       -1.058629
  49  45        0.455938        0.421627
  49  46        1.015585       -0.135540
  49  47        0.431884        1.188444
  49  48       -0.900897       -0.391906
  49  49       -0.502479       -1.287226
  50   0        1.120047        0.000000
  50   1        3.115376        3.104883
  50   2       -1.762665        0.890534
  50   3       -1.095272       -0.070741
  50   4        0.975057       -0.452423
  50   5        0.473103        0.713473
  50   6       -1.257071        1.238869
  50   7       -0.150247        0.052549
  50   8        1.614106       -1.477055
  50   9        0.019849       -0.711102
  50  10       -0.672007        0.396081
  50  11       -0.601889        0.463012
  50  12        0.486527       -0.010832
  50  13        0.243126        0.579250
  50  14       -0.441708        0.067773
  50  15        0.205023       -0.121110
  50  16        1.117575       -0.056138
  50  17       -1.966460        0.012979
  50  18       -1.111991        0.410083
  50  19        1.399815        0.964717
  50  20        1.070921        0.683010
  50  21        0.213238       -0.220705
  50  22       -0.786601       -1.664908
  50  23       -1.101982       -1.462040
  50  24       -0.796358       -1.298768
  50  25       -1.899523       -1.850473
  50  26       -0.629769        0.300449
  50  27       -0.673515        0.426887
  50  28        0.374427       -0.543781
  50  29        0.117061       -1.126603
  50  30       -0.180435       -0.334773
  50  31        0.568085       -0.264730
  50  32       -0.261011       -1.043007
  50  33        0.382762       -1.272053
  50  34        0.572105       -0.469078
  50  35       -0.624821        0.185711
  50  36       -1.957579        0.919164
  50  37       -2.590635        0.366113
  50  38       -0.415966        0.793012
  50  39        0.470005       -0.726426
  50  40       -1.093547        0.611821
  50  41       -0.284371        1.315703
  50  42       -0.114795        0.219846
  50  43        0.798377        0.638228
  50  44       -0.449737        1.234693
  50  45       -0.892965        0.148194
  50  46       -1.200946       -0.096244
  50  47       -0.606532        0.514116
  50  48        1.952854        0.639191
  50  49        1.089400       -0.432070
  50  50       -0.971551        1.236005
  51   0        0.538177        0.000000
  51   1       -2.534542       -3.177304
  51   2        0.747346       -1.001298
  51   3        0.371920        0.634076
  51   4       -0.916688        0.634468
  51   5       -0.753666       -0.051723
  51   6        0.552414       -1.364933
  51   7        1.234809       -0.910642
  51   8       -0.357213        1.485214
  51   9        0.009412        0.900303
  51  10        0.062902       -0.182461
  51  11        0.252911       -0.905886
  51  12       -0.891031       -0.850373
  51  13       -0.452253       -0.618317
  51  14        0.338554        0.008141
  51  15        0.107206        1.301599
  51  16       -0.536912       -0.243465
  51  17        1.682944       -0.978151
  51  18        2.769472        0.188922
  51  19        0.023416        0.427813
  51  20       -1.670884       -0.663505
  51  21       -0.669962       -0.166857
  51  22       -0.077695        0.692480
  51  23       -0.001546        0.567224
  51  24        0.218519        2.070890
  51  25        0.605153        1.108126
  51  26       -0.083048        0.138755
  51  27        0.288455       -0.873341
  51  28        0.581001       -0.565642
  51  29        0.846861        1.459744
  51  30       -0.284549        0.492373
  51  31        0.516201        1.578584
  51  32        1.324179        1.269430
  51  33       -0.042298        0.616363
  51  34        0.002634        0.504133
  51  35       -0.331375        0.178607
  51  36       -0.769552        0.794403
  51  37        0.748571       -0.484760
  51  38        0.375311        1.423778
  51  39        0.009429       -0.522159
  51  40       -0.937142       -1.039818
  51  41       -0.804369       -0.253341
  51  42        0.492118       -1.963327
  51  43       -0.691164       -1.716539
  51  44        0.516001       -0.179515
  51  45        0.307571        0.596604
  51  46        0.470444       -0.546960
  51  47        1.204688       -0.196055
  51  48       -0.432571       -0.242146
  51  49        1.287462       -0.328624
  51  50       -0.153077        0.124647
  51  51        1.367852        0.581975
